# value, upper uncertainty, lower uncertainty
5.333683696971286414e-01 2.386622678911063389e-01 8.604759154078633898e-02
1.422139414491510601e-02 8.918242147305452394e-03 6.437999915677687993e-03
4.897102075018330836e-01 1.368529667284421047e-01 1.894545942420329254e-01
3.317890761515249309e+00 1.883170556909767868e-01 1.362475609555700018e-01
4.066774691904864181e-01 1.081962055278372636e-01 5.681476435650995027e-02
8.234042178797271738e-01 7.049189935617927727e-02 4.752878415387706834e-02
7.545123016945158856e-01 6.008193605044376273e-02 5.421644101847211683e-02
1.062379264967306947e+00 3.375348462547131945e-01 3.079965773380445304e-01
1.135672111324244327e+01 2.524505856244516622e-01 1.566781828787799924e-01
1.255206609812141719e+14 6.078288525903748438e+13 3.944779365039335938e+13
1.173204718493805698e+00 8.573184001166755941e-02 5.808937907844469173e-02
9.173857021402430367e-02 1.037844159363142393e-02 6.736497753983619607e-03
8.340022090476594263e-01 7.468750344458974233e-02 9.664863499550824244e-02
4.287322957911876564e-01 4.291198922933658899e-02 3.880427780727285780e-02
