# value, upper uncertainty, lower uncertainty
9.721707658020736220e-01 7.535994730039502487e-01 4.685921402556346704e-01
3.434024694833421459e-02 4.559722289228550912e-02 2.400271256290146399e-02
5.814877686706967364e-01 2.284756705941819455e-01 1.678881021264935214e-01
nan nan nan
nan nan nan
nan nan nan
nan nan nan
1.083078165673373894e+00 5.804536908205835122e-01 5.635127724757564849e-01
1.137282059047221239e+01 1.152172000871686919e+00 8.364571248930179337e-01
1.293049033902419375e+14 6.008315148619181250e+13 6.435493781453817188e+13
1.178041305211853684e+00 1.117408371911423615e-01 9.786617217260817903e-02
9.832330786057537353e-02 2.168702016068975447e-02 1.188754584540212267e-02
8.854524105482084462e-01 1.385935706588510286e-01 1.156293915628460178e-01
4.525732127039095998e-01 8.986574236874589339e-02 6.978334017461251815e-02
