# File gti_IGRJ17498-2921.txt
# created Thu Feb  6 14:52:25 2020
#
# GTI file written by extract_outburst_gti.pro
#
# Columns: minbar-obs ID, start time (MJD), stop time (MJD)
260014 55784.99105 55785.03237
260015 55785.03385 55785.07520
260016 55785.20476 55785.24605
260017 55785.24782 55785.28873
260018 55785.29013 55785.33141
260019 55785.33291 55785.37421
260020 55785.50440 55785.54508
260021 55785.54672 55785.58800
260022 55785.58940 55785.63068
260023 55785.63274 55785.67340
260024 55785.80357 55785.84427
260025 55785.88849 55785.92976
260026 55786.10219 55786.14332
283898 55786.12090 55786.14015
260027 55786.18733 55786.18761
260027 55786.18769 55786.22864
260028 55786.41859 55786.45982
260029 55786.50366 55786.54498
260030 55786.54646 55786.58781
260031 55786.71733 55786.75865
260032 55786.76064 55786.80134
260033 55786.80286 55786.84401
260034 55786.84550 55786.88682
260035 55787.01639 55787.05768
260036 55787.10193 55787.10215
260036 55787.10223 55787.14326
260037 55787.14473 55787.18606
260038 55787.31565 55787.35693
260039 55787.35891 55787.39961
260040 55787.40159 55787.44230
260041 55787.44381 55787.44400
260041 55787.44408 55787.48509
260042 55787.94369 55787.94456
260042 55787.94501 55787.94521
260042 55787.94529 55787.97684
260043 55787.97883 55788.01954
260044 55788.02126 55788.06259
260045 55788.06394 55788.10527
260046 55788.10708 55788.14797
260047 55788.23486 55788.27615
260048 55788.27754 55788.31884
260049 55788.32124 55788.34145
260050 55788.34347 55788.36256
260051 55788.36569 55788.38583
260052 55788.38718 55788.38743
260052 55788.38751 55788.40801
260053 55788.40937 55788.43018
260054 55788.43171 55788.45236
260055 55788.45402 55788.47584
233282 55788.85128 55788.89054
233285 55789.50458 55789.54365
233285 55789.56976 55789.60902
233285 55789.63717 55789.66945
233288 55790.68608 55790.71901
260056 55790.93314 55790.93401
260056 55790.93446 55790.96630
260057 55790.96827 55791.00796
260058 55791.01077 55791.05168
260059 55791.05364 55791.09438
260060 55791.09578 55791.13704
260061 55791.13856 55791.17986
260062 55791.18124 55791.22011
260063 55791.22395 55791.22401
260063 55791.22409 55791.26518
260064 55791.26717 55791.30563
260065 55791.30955 55791.35060
260066 55791.35217 55791.39327
260067 55791.39504 55791.43594
260068 55791.43745 55791.47877
260069 55791.48025 55791.52073
260070 55791.52329 55791.56433
233290 55791.52924 55791.56794
260071 55791.56635 55791.60688
260072 55791.60903 55791.64972
260073 55791.65172 55791.69241
260074 55791.69377 55791.73508
260075 55791.73709 55791.77790
260076 55791.77931 55791.81936
260077 55791.82274 55791.86340
260078 55791.86543 55791.90608
260079 55791.90784 55791.94878
260080 55791.95053 55791.99146
260081 55791.99321 55792.03415
260082 55792.03562 55792.07683
260083 55792.07819 55792.11942
260084 55792.12099 55792.16217
260085 55792.16414 55792.20484
260086 55792.20683 55792.24883
260087 55792.26722 55792.30851
233293 55792.63944 55792.67777
233293 55792.70462 55792.74296
260088 55792.31046 55792.35120
260089 55792.35268 55792.39402
260090 55792.39536 55792.43667
260091 55792.43786 55792.47918
260092 55792.48120 55792.52164
260093 55792.52342 55792.56455
260094 55792.56657 55792.60725
260095 55792.60862 55792.64994
260096 55792.65140 55792.69273
260097 55792.69408 55792.73451
260098 55792.73682 55792.77806
233295 55792.76992 55792.80826
260099 55792.77945 55792.81930
260100 55792.82260 55792.86342
260101 55792.86519 55792.90611
233297 55792.90164 55792.93890
260102 55792.90751 55792.94878
260103 55792.95075 55792.99148
260104 55792.99280 55793.03318
260105 55793.03580 55793.07703
260106 55793.07900 55793.11972
260107 55793.12122 55793.16240
260108 55793.20643 55793.24775
260109 55793.24928 55793.29057
260110 55793.29196 55793.33036
260111 55793.33441 55793.33447
260111 55793.33455 55793.37562
260112 55793.37710 55793.41760
260113 55793.41988 55793.46113
233299 55793.42305 55793.45997
233299 55793.48823 55793.52638
233299 55793.55360 55793.59175
233299 55793.61879 55793.64978
233299 55793.65127 55793.65694
233299 55793.68416 55793.72231
233299 55793.74953 55793.75490
233299 55793.75645 55793.78749
260114 55793.46318 55793.50380
260115 55793.50577 55793.58107
260116 55793.92397 55793.92484
260116 55793.92529 55793.92540
260116 55793.92548 55793.93662
260117 55793.93865 55793.95883
260118 55793.96060 55793.98100
260119 55793.98300 55794.00318
260120 55794.00523 55794.02534
260121 55794.02671 55794.02688
260121 55794.02696 55794.04751
260122 55794.04885 55794.06968
233303 55794.53290 55794.57086
233303 55794.59827 55794.63623
233308 55795.51160 55795.55207
233315 55796.62041 55796.66162
233315 55796.68535 55796.72690
233318 55797.40411 55797.44145
233325 55798.51466 55798.55423
260123 55799.36883 55799.37604
260124 55799.37720 55799.39779
260125 55799.39960 55799.39966
260125 55799.39974 55799.41774
260126 55799.42216 55799.44249
260127 55799.44410 55799.46467
260128 55799.46602 55799.48683
260129 55799.48873 55799.49197
260129 55799.49253 55799.50900
260130 55799.51040 55799.54599
233328 55799.75381 55799.79439
260131 55799.90420 55799.90503
260131 55799.90557 55799.91685
260132 55799.91831 55799.91837
260132 55799.91845 55799.93612
260133 55799.94053 55799.96121
260134 55799.96319 55799.98337
260135 55799.98476 55800.00554
260136 55800.00689 55800.02773
260137 55800.02967 55800.04989
233333 55800.73285 55800.77328
233336 55801.32201 55801.35312
233346 55802.36719 55802.40127
233352 55803.67179 55803.70864
233355 55804.38974 55804.42289
233358 55805.36886 55805.36983
233358 55805.36987 55805.40562
233361 55806.21756 55806.24423
233364 55807.32681 55807.32787
233364 55807.32791 55807.35690
233367 55808.50162 55808.50270
233367 55808.50275 55808.53848
233372 55809.21947 55809.22065
233372 55809.22070 55809.24512
233382 55810.13386 55810.13621
233382 55810.13624 55810.15460
233386 55811.11312 55811.13386
233392 55812.24202 55812.25868
260138 55817.37704 55817.38428
260139 55817.38538 55817.40615
260140 55817.40815 55817.42734
260141 55817.42991 55817.45052
260142 55817.45232 55817.47268
260143 55817.47464 55817.49484
260144 55817.49621 55817.51142
233397 55818.24293 55818.26318
233400 55819.47805 55819.50305
