-3.511703899999999989e-01 -3.304875199999999791e-01
-2.877328900000000189e-01 -2.603023300000000262e-01
-2.218069599999999975e-01 -1.891912199999999933e-01
-1.560662200000000055e-01 -1.184736299999999964e-01
-8.882085000000000674e-02 -5.254770000000000274e-02
-2.421436999999999895e-02 1.337821999999999970e-02
4.303099999999999981e-02 7.930415000000000381e-02
1.074523000000000006e-01 1.349522999999999973e-01
7.013643299999999803e-01 7.265495199999999487e-01
7.671050700000000555e-01 7.982161899999999921e-01
8.321629400000000176e-01 8.697555399999999937e-01
8.979036900000000321e-01 9.354962799999999579e-01
9.638296100000000033e-01 1.001422199999999929e+00
1.029755540000000025e+00 1.067348130000000062e+00
1.095496280000000100e+00 1.133088869999999915e+00
1.755438410000000005e+00 1.785068040000000078e+00
1.820137480000000085e+00 1.857730069999999900e+00
1.886063409999999996e+00 1.923656000000000033e+00
1.951989329999999967e+00 1.989581929999999943e+00
2.017730069999999820e+00 2.055322669999999796e+00
2.083655999999999953e+00 2.087359699999999929e+00
2.088586559999999981e+00 2.119674519999999784e+00
2.610993960000000058e+00 2.631734699999999982e+00
2.677845819999999932e+00 2.703031000000000184e+00
2.742371279999999967e+00 2.779963870000000004e+00
2.808297200000000160e+00 2.845889800000000136e+00
2.874223129999999848e+00 2.911630539999999989e+00
2.939963870000000146e+00 2.977556460000000182e+00
3.005889799999999834e+00 3.009871280000000038e+00
3.010438409999999898e+00 3.043482389999999871e+00
3.071815720000000027e+00 3.109223130000000168e+00
3.598783319999999897e+00 3.620253219999999938e+00
3.665253219999999867e+00 3.690438410000000058e+00
3.731364329999999896e+00 3.767961559999999821e+00
3.796294889999999977e+00 3.833887480000000014e+00
3.862220820000000110e+00 3.899813410000000147e+00
3.928146739999999859e+00 3.965554150000000000e+00
3.993887480000000156e+00 4.031480069999999749e+00
4.652753220000000134e+00 4.677290260000000366e+00
4.718956930000000050e+00 4.719848129999999919e+00
4.719917569999999785e+00 4.756005540000000309e+00
4.784338870000000021e+00 4.821931460000000058e+00
4.850264799999999710e+00 4.887857389999999747e+00
4.916190720000000347e+00 4.953598129999999600e+00
4.981931460000000200e+00 5.019524060000000176e+00
5.062556459999999703e+00 5.080068039999999563e+00
5.081549520000000264e+00 5.085334239999999895e+00
5.640588870000000199e+00 5.665623590000000043e+00
5.706549520000000264e+00 5.744130539999999563e+00
5.772463870000000163e+00 5.810056460000000200e+00
5.838204610000000017e+00 5.875797200000000053e+00
5.904130539999999705e+00 5.941723129999999742e+00
5.970056460000000342e+00 6.007649060000000318e+00
6.629327299999999923e+00 6.653031000000000361e+00
6.695623590000000291e+00 6.732162940000000262e+00
6.760496279999999913e+00 6.797903690000000054e+00
6.826237019999999767e+00 6.863829609999999803e+00
6.892162940000000404e+00 6.929755540000000380e+00
6.958065719999999565e+00 6.995658320000000430e+00
7.040253220000000312e+00 7.061468500000000148e+00
7.616618960000000271e+00 7.641364330000000038e+00
7.682602759999999975e+00 7.720195350000000012e+00
7.748343499999999828e+00 7.785936089999999865e+00
7.814269430000000405e+00 7.851862020000000442e+00
7.880195350000000154e+00 7.917787940000000191e+00
7.946919890000000208e+00 7.983667569999999714e+00
8.027174520000000868e+00 8.049385170000000755e+00
8.097313409999999934e+00 8.115264800000000278e+00
8.539327300000000065e+00 8.558586560000000176e+00
