5.256206244960999902e+04   5.256208313248000195e+04
5.256212588710999989e+04   5.256215331766999589e+04
5.256219181304000085e+04   5.256222442877999856e+04
5.256225755378000031e+04   5.256229514637000102e+04
5.256232479915000295e+04   5.256236107230000198e+04
5.256238940562999778e+04   5.256242699821999850e+04
5.256245665100000042e+04   5.256249292414999945e+04
5.256252107229999820e+04   5.256254857230000198e+04
5.256311498433000088e+04   5.256314016951999656e+04
5.256318072507000034e+04   5.256321183618999930e+04
5.256324578294000094e+04   5.256328337553999881e+04
5.256331152368999756e+04   5.256334911627999827e+04
5.256337744961000135e+04   5.256341504220000206e+04
5.256344337554000231e+04   5.256348096812999574e+04
5.256350911628000176e+04   5.256354670887000248e+04
5.256416905840999971e+04   5.256419868803999998e+04
5.256423375747999671e+04   5.256427135006999742e+04
5.256429968340999767e+04   5.256433727599999838e+04
5.256436560933000146e+04   5.256440320192999934e+04
5.256443135007000092e+04   5.256446894266999880e+04
5.256449727600000188e+04   5.256450097970000206e+04
5.256450220655999874e+04   5.256453329451999889e+04
5.256502461395999853e+04   5.256504535469999973e+04
5.256509146581999812e+04   5.256511665099999664e+04
5.256515599128000031e+04   5.256519358387000102e+04
5.256522191719999682e+04   5.256525950980000198e+04
5.256528784312999778e+04   5.256532525054000143e+04
5.256535358386999724e+04   5.256539117645999795e+04
5.256541950979999820e+04   5.256542349128000205e+04
5.256542405840999709e+04   5.256545710238999891e+04
5.256548543572000199e+04   5.256552284312999836e+04
5.256601240331999725e+04   5.256603387321999617e+04
5.256607887322000170e+04   5.256610405840999738e+04
5.256614498432999972e+04   5.256618158155999845e+04
5.256620991489000153e+04   5.256624750748000224e+04
5.256627584082000249e+04   5.256631343340999592e+04
5.256634176673999900e+04   5.256637917415000265e+04
5.256640750747999846e+04   5.256644510006999917e+04
5.256706637321999733e+04   5.256709091025999805e+04
5.256713257693000196e+04   5.256713346812999953e+04
5.256713353757000004e+04   5.256716962554000202e+04
5.256719795886999782e+04   5.256723555145999853e+04
5.256726388479999878e+04   5.256730147738999949e+04
5.256732981072000257e+04   5.256736721812999895e+04
5.256739555146000203e+04   5.256743314405999990e+04
5.256747617645999708e+04   5.256749368803999823e+04
5.256749516951999976e+04   5.256749895423999988e+04
5.256805420887000218e+04   5.256807924359000026e+04
5.256812016951999976e+04   5.256815775053999823e+04
5.256818608387000131e+04   5.256822367646000203e+04
5.256825182461000077e+04   5.256828941720000148e+04
5.256831775054000173e+04   5.256835534313000244e+04
5.256838367645999824e+04   5.256842126905999612e+04
5.256904294729999674e+04   5.256906665100000100e+04
5.256910924358999910e+04   5.256914578294000239e+04
5.256917411628000264e+04   5.256921152368999901e+04
5.256923985702000209e+04   5.256927744961000280e+04
5.256930578293999861e+04   5.256934337553999649e+04
5.256937168571999791e+04   5.256940927831999579e+04
5.256945387322000170e+04   5.256947508849999576e+04
5.257003023895999650e+04   5.257005498432999593e+04
5.257009622275999573e+04   5.257013381534999644e+04
5.257016196350000246e+04   5.257019955608999589e+04
5.257022788942999614e+04   5.257026548201999685e+04
5.257029381534999993e+04   5.257033140794000064e+04
5.257036053988999629e+04   5.257039728756999830e+04
5.257044079452000005e+04   5.257046300517000054e+04
5.257051093340999796e+04   5.257052888479999820e+04
5.257095294730000023e+04   5.257097220655999990e+04
